00000000
01010100
00001010
00001101
01111000
01001011
11110011
00110110
01000001
11000100
11000011
00001100
10111100
10000100
11101100
11111011
10101100
11110110
01010101
00010000
00000111
01110100
01010011
11110100
00110000
01000111
11001011
10111110
00001100
11000101
10000010
11100101
00000000
10101110
11101101
01010100
00010110
00000001
01101110
01011011
11110110
00101001
01001100
11010011
10111001
00001010
11001101
10000000
11011101
00000100
10110001
11100100
01010010
00011100
11111101
01101001
01100010
11111001
00100011
01001111
11011011
10110101
00000111
11010101
10000000
11010101
00000111
10110101
11011011
01001111
00100011
11111001
01100010
01101001
11111101
00011100
01010010
11100100
10110001
00000100
11011101
10000000
11001101
00001010
10111001
11010011
01001100
00101001
11110110
01011011
01101110
00000001
00010110
01010100
11101101
10101110
00000000
11100101
10000010
11000101
00001100
10111110
11001011
01000111
00110000
11110100
01010011
01110100
00000111
00010000
01010101
11110110
10101100
11111011
11101100
10000100
10111100
00001100
11000011
11000100
01000001
00110110
11110011
01001011
01111000
00001101
00001010
01010100
00000000
10101011
11110110
11110011
10001000
10110100
00001100
11001001
10111110
00111011
00111100
11110011
01000011
01111011
00010011
00000101
01010011
00001001
10101011
11110000
11111001
10001100
10101100
00001011
11010000
10111001
00110100
01000010
11110100
00111011
01111110
00011011
00000000
01010001
00010010
10101100
11101010
11111110
10010001
10100101
00001001
11010110
10110100
00101100
01000111
11110110
00110011
01111111
00100010
11111100
01001111
00011011
10101101
11100011
00000011
10010111
10011101
00000110
11011101
10110000
00100100
01001011
11111000
00101010
10000000
00101010
11111000
01001011
00100100
10110000
11011101
00000110
10011101
10010111
00000011
11100011
10101101
00011011
01001111
11111100
00100010
01111111
00110011
11110110
01000111
00101100
10110100
11010110
00001001
10100101
10010001
11111110
11101010
10101100
00010010
01010001
00000000
00011011
01111110
00111011
11110100
01000010
00110100
10111001
11010000
00001011
10101100
10001100
11111001
11110000
10101011
00001001
01010011
00000101
00010011
01111011
01000011
11110011
00111100
00111011
10111110
11001001
00001100
10110100
10001000
11110011
11110110
10101011

