00001101
11100001
11000101
00101100
11011011
00001111
00010111
11011010
00101110
01000101
00001011
10110111
10110110
00100011
11001101
00001000
00101000
11011001
01000010
00110101
11110011
11011011
10111000
00110100
11010001
00000111
00111010
11010010
01000011
00101111
11101101
11001100
11001001
00100001
11011011
00010000
00101100
11001110
00110110
00111100
00000110
11001101
10111110
00011100
11011100
00001100
00011000
11000111
01001110
00111001
11101110
11001110
11000110
00111001
10110010
00010010
00110100
11010000
00110000
00110101
00000001
10111101
10111111
01000000
11100111
00000010
00111010
11000110
01000001
01001010
00001000
11010111
11000010
00011101
11001110
00000101
00100011
11100111
01001111
01000011
00010001
11001010
10110101
00101001
11010101
00000100
00111000
11011010
00101011
00111110
11101101
11000000
10111100
00010111
11011100
11111111
00111100
11010110
00111000
01000111
11111110
10011011
11010001
00111001
11001110
11101100
01000010
10111011
01001011
01000100
00001010
10110101
10101011
00111000
10110101
00000100
00101011
11001010
00110011
00101001
00001001
10110101
11000010
00010010
11011110
11110110
00110010
11011000
00101111
00110110
00000010
11000011
11000111
00101100
11100100
00000010
00111010
11010011
00101110
00111100
11101011
11001100
11001001
00110001
11001000
00010001
00011110
11011110
01000101
00110110
00010000
11100100
11001001
00101011
11011001
00000010
00101011
10111110
01010010
00100100
00000001
11010111
10111000
00100010
11100110
00000101
00110000
11001111
00110000
01010100
00001100
10111010
11001100
01001001
11011111
00001011
00011110
11011001
00100101
00110000
11111010
10111000
11011001
00101001
11010100
00001010
00110111
11100011
01000000
01001110
11110000
10110110
10111000
00101001
11100101
00000111
00010110
11100100
00110010
01000101
11111100
10100101
11000111
01000001
11011100
11111011
00110111
11001101
00110000
00110110
00000100
10111000
11010000
00100100
11010010
00000001
00110000
11000101
00111011
00111010
00000110
11001100
11000111
00110000
11011011
11101011
00110001
11011000
01001111
01010101
00000101
10101101
10111000
01000010
11010110
00001000
00110011
11100101
00111101
01000101
00001100
11000001
11001000
00010011
11010101
11110101
00010010
11010110
01000011
01000100
00000111
11001010
11001011
00100011
11011001
00001100
