00000000
00000000
11110111
11110000
11110110
00010010
00111111
01101100
01111111
01110100
01001110
00011001
11011110
10100101
10001010
10011011
11010111
00100101
01011111
01101100
01010001
00011101
11100001
10101011
10001100
10011010
11010111
00100111
01100110
01110110
01011011
00100110
11100111
10101100
10001100
10010110
11010001
00100010
01100010
01110111
01011100
00100101
11100100
10101001
10001010
10011010
11011000
00101001
01100111
01110100
01010101
00011101
11011101
10100101
10001000
10011001
11010111
00101000
01100110
01110101
01010111
00100000
11100001
10100111
10001000
10010100
11010010
00100011
01100111
01111101
01100011
00101010
11100111
10101100
10001110
10100000
11100001
00110001
01101001
01110011
01010001
00011010
11100000
10101111
10011000
10101010
11100100
00101101
01100101
01110010
01010110
00100010
11100101
10101100
10001011
10010101
11001110
00011100
01011010
01101100
01010100
00100000
11100111
10110000
10010000
10011011
11010011
00100001
01100000
01110010
01010110
00011101
11011111
10101001
10001101
10100000
11011011
00100110
01011101
01101011
01001101
00010111
11011011
10100011
10000101
10010011
11010001
00100000
01011101
01101101
01010010
00011101
11011111
10100111
10001001
10010111
11010100
00100110
01100110
01111010
01100000
00101001
11100111
10101010
10000111
10010011
11010000
00100100
01100100
01110111
01011010
00100001
11100001
10101001
10001110
10100010
11100100
00110110
01110100
01111110
01011101
00100000
11011101
10100011
10000111
10010111
11010110
00100111
01100110
01110111
01011010
00100011
11100011
10101001
10001100
10011101
11011100
00110000
01110000
10000011
01100110
00101001
11100100
10100011
10000000
10001101
11001101
00100010
01100101
01111000
01011101
00100111
11101011
10110101
10010110
10100000
11010101
00100000
01011100
01110000
01010111
00100010
11100100
10101010
10001010
10010111
11010010
00100010
01100010
01110111
01011111
00100110
11100101
10100111
10000110
10010100
11010011
00100101
01100101
01110101
01011000
00011111
11011110
10100100
10000111
10011001
11011010
00101101
01101011
01111001
01010111
00011100
11100000
10101110
10010101
10100110
11011111
00101001
01100001
01110011
01011010
00100111
11101011
10110011
10010101
10100011
11011111
00101100
01100100
01101110
01001100
00010001
11010100
10100001
10001010
10100000
