00000000
11111110
00000001
00000011
00000000
11111010
11111011
00000110
00011000
00101111
01001001
01100001
01110101
01111111
01110111
01011000
00101110
00000001
11010011
10101011
10001110
10000000
10000100
10011000
10111010
11100101
00010100
01000000
01100011
01111010
01111111
01110100
01011001
00110010
00000100
11010110
10101101
10001111
10000001
10000011
10010110
10110111
11100010
00010001
00111101
01100001
01111001
01111111
01110101
01011011
00110101
00000111
11011001
10101111
10010001
10000001
10000010
10010100
10110101
11011111
00001110
00111010
01011111
01111000
01111111
01110110
01011101
00111000
00001010
11011100
10110010
10010010
10000010
10000010
10010010
10110010
11011100
00001010
00111000
01011101
01110110
01111111
01111000
01011111
00111010
00001110
11011111
10110101
10010100
10000010
10000001
10010001
10101111
11011001
00000111
00110101
01011011
01110101
01111111
01111001
01100001
00111101
00010001
11100010
10110111
10010110
10000011
10000001
10001111
10101101
11010110
00000100
00110010
01011001
01110100
01111111
01111010
01100011
01000000
00010100
11100101
10111010
10011000
10000100
10000000
10001110
10101011
11010011
00000001
00101111
01010111
01110011
01111111
01111010
01100101
01000011
00010111
11101000
10111100
10011010
10000101
10000000
10001100
10101000
11010000
11111110
00101100
01010100
01110001
01111111
01111011
01100111
01000101
00011010
11101011
10111111
10011100
10000101
10000000
10001011
10100110
11001101
11111011
00101001
01010010
01110000
01111110
01111100
01101001
01001000
00011101
11101110
11000010
10011110
10000110
10000000
10001010
10100100
11001010
11111000
00100110
01010000
01101110
01111110
01111101
01101011
01001010
00100000
11110001
11000101
10100000
10000111
10000000
10001001
10100010
11000111
11110101
00100011
01001101
01101101
01111101
01111101
01101101
01001101
00100011
11110101
11000111
10100010
10001001
10000000
10000111
10100000
11000101
11110001
00100000
01001010
01101011
01111101
01111110
01101110
01010000
00100110
11111000
11001010
10100100
10001010
10000000
10000110
10011110
11000010
11101110
00011101
01001000
01101001
01111100
01111110
01110000
01010010
00101001
11111011
11001101
10100110
10001011
10000000
10000101
10011100
10111111
11101011
00011010
01000101
01100111
01111011
01111111
01110001
01010100
00101100

