11110001
10101110
11000010
00100110
11010111
11111010
00111011
11011100
00110010
01001000
11111001
11000000
11000111
00101101
10111111
00000101
01000100
11100001
00110011
00101111
00000000
11000110
11000111
00101000
11000100
00000101
00110100
10111110
00111100
01000011
11110000
11010100
11001110
00100111
11011000
11110010
01001000
11001010
00101111
00100000
11101100
11000100
10110000
00011010
11100000
00001100
00111011
11101101
01001100
01000010
00010000
11010101
11001100
00101010
11010001
11111110
00111111
11011111
00111110
01000010
00000000
11001111
10110110
00110000
11101100
00001011
00100000
11010001
00111010
01001000
00001100
10100111
11001101
00110001
11010100
11110110
01000100
11001111
00111000
00110011
11110011
10111100
11100010
00101000
11010011
00000000
00101011
11010000
01000101
00111101
00000010
10111111
10110011
00011100
11101001
11111101
00101000
11100110
00111001
00110111
00001110
11000110
10111000
00101100
11010110
11111100
00110010
11011110
01001010
00111101
00000110
11000111
11000001
00010001
11010111
00001001
00011010
11000001
01010001
00101001
00010110
11011010
11010101
01000000
11001011
11101111
00100110
11000100
00110000
00111001
00000001
11001110
11001110
00100010
11000011
11110001
01001011
11100010
00100101
00110011
00001110
10111100
11000100
00100001
11000101
11110110
00001010
11001101
00110011
00101001
11110101
11000010
11001111
00100101
11010101
11110010
00110001
11010110
00111101
01000010
00001000
11001011
11010111
00110101
11000001
00010001
00110001
11001111
00111011
00110100
00000110
10111110
10110110
00011101
10111111
11110101
00101110
11001000
01001010
01000101
11110101
11000101
10111100
00101101
11011100
11110111
01000100
11100000
00100110
00111010
11110111
11001100
10111010
00011010
11010010
00011001
00111101
11000101
00111101
00111101
11100011
10111011
10110001
00100101
11101010
11110101
00100100
11010001
00100011
00110110
11110110
11011011
11010011
00110101
11011011
00000000
00110001
11001011
00110100
00100111
00011110
11010000
11000011
00110101
11010001
00001010
00110000
10111110
01010110
00101001
00000111
11011010
10110011
00100011
11010111
00000010
00110010
10110010
01001111
01000101
11111010
10110010
11000011
00100000
11010110
00100010
01000100
11011011
01000001
00100101
00001010
11000100
10110101
00101101
11000101
00000000
