00000000
00000000
11111010
11110010
11110101
00001001
00101110
01010011
01101000
01100010
01000110
00011010
11100110
10101110
10001111
10011101
11011000
00100110
01100001
01110001
01010110
00100010
11100111
10101111
10001111
10011011
11010101
00100100
01100011
01110011
01010101
00011101
11011100
10100100
10000111
10011000
11011000
00101010
01101010
01111010
01011100
00100011
11100011
10100110
10000011
10001100
11000101
00010101
01010101
01101100
01010111
00100111
11101111
10111010
10011110
10101100
11100110
00110011
01101101
01111000
01011001
00100010
11100101
10110000
10010011
10100001
11011010
00101001
01100111
01111001
01011110
00100101
11100101
10101010
10001011
10011011
11011000
00100111
01100100
01110100
01011001
00100011
11100101
10101010
10001000
10010100
11010001
00100101
01100111
01111010
01011100
00100001
11100000
10101000
10001101
10011100
11010111
00100100
01011110
01101110
01010100
00100000
11100100
10101101
10010000
10011110
11011010
00101001
01100100
01110001
01010101
00011111
11100011
10101111
10010101
10100100
11011110
00101010
01100011
01101110
01010001
00011000
11011000
10100001
10000110
10011100
11100010
00111001
01111001
10000100
01011101
00011011
11010011
10011001
01111110
10010100
11011001
00101011
01100111
01110100
01010100
00011100
11100001
10101011
10001110
10011011
11010111
00100111
01100010
01101111
01001101
00010000
11001110
10010110
01111011
10001101
11001111
00100100
01100101
01110101
01010111
00011101
11011110
10100111
10001100
10100000
11011111
00110001
01101111
01111100
01011101
00100011
11100010
10101001
10001011
10011010
11010110
00100010
01011100
01100111
01001000
00010010
11011000
10100110
10001110
10011110
11011010
00100110
01100010
01110011
01011001
00100101
11100111
10101101
10001100
10010111
11010001
00100000
01011110
01110000
01011000
00100110
11101001
10101111
10001100
10010011
11001010
00011001
01011001
01101111
01010110
00100000
11011101
10011111
01111110
10001111
11010011
00101101
01110001
10000010
01100100
00100101
11011111
10100010
10000100
10010111
11011010
00101111
01101111
01111101
01011101
00100010
11100000
10101000
10001011
10011100
11011011
00101010
01100111
01110100
01010100
00011101
11011110
10100110
10001011
10011010
11010101
00100001
01011101
01110000
01011011
00101101
11110011
10111000
10010011
10011100
